0000000000000000000000000000000000000000000000000000000000000000000000000000000
0000000000000000000000000000000000000000000000000000000000000000000000000000000
0000000000000000000000000000000000000000000000000000000000000000000000000000000
0000000000000000000000000000000000000000000000000000000000000000000000000000000
0000000000000000000000000000000000000000000000000000000000000000000000000000000
0000000000000000000000000000000000000000000000000000000000000000000000000000000
0000000000000000000000000000000000000000000000000000000000000000000000000000000
0000000000000000000000000000000001111110000110000000000000000000000000000000000
0000000000000000000000000000000001111110000110000000000000000000000000000000000
0000000000000000000000000000000000000001100001100000000000000000000000000000000
0000000000000000000000000000000000000001100001100000000000000000000000000000000
0000000000000000000000000000000000011110000001100000000000000000000000000000000
0000000000000000000000000000000000011110000001100000000000000000000000000000000
0000000000000000000000000000000001100000000001100000000000000000000000000000000
0000000000000000000000000000000001100000000001100000000000000000000000000000000
0000000000000000000000000000000000011111100001100000000000000000000000000000000
0000000000000000000000000000000000011111100001100000000000000000000000000000000
0000000000000000000000000000000000000000000000000000000000000000000000000000000
0000000000000000000000000000000000000000000000000000000000000000000000000000000
0000000000000000000000000000000000000000000000000000000000000000000000000000000
0000000000000000000000000000000000000000000000000000000000000000000000000000000
0000000000000000000000000000000000000000000000000000000000000000000000000000000
0000000000000000000000000000000000000000000000000000000000000000000000000000000
0000000000000000000000000000000000000000000000000000000000000000000000000000000
0000000000000000000000000000000000000000000000000000000000000000000000000000000
